1D_CNN — Full Classification Report
============================================================

              precision    recall  f1-score   support

        1011       1.00      0.67      0.80         3
       10019       0.43      1.00      0.60         3
       10023       0.60      1.00      0.75         3
       10112       1.00      0.67      0.80         3
      100001       0.50      0.33      0.40         3
      100007       0.67      0.67      0.67         3
      100031       0.50      1.00      0.67         3
      100033       0.43      1.00      0.60         3
      100068       1.00      0.33      0.50         3
      100081       0.33      0.33      0.33         3
      100102       0.33      0.33      0.33         3
      100108       0.00      0.00      0.00         3
      100168       0.50      0.33      0.40         3
      100188       0.50      1.00      0.67         3
      100210       0.75      1.00      0.86         3
      100215       1.00      0.67      0.80         3
      100224       0.00      0.00      0.00         3
      100232       0.00      0.00      0.00         3
      100249       1.00      0.67      0.80         3
      100262       0.50      0.33      0.40         3
      100281       1.00      1.00      1.00         3
      100306       1.00      1.00      1.00         3
      100327       0.50      0.33      0.40         3
      100381       0.75      1.00      0.86         3
      100397       0.50      0.33      0.40         3
      100446       0.75      1.00      0.86         3
      100461       1.00      0.33      0.50         3
      100495       0.75      1.00      0.86         3
      100512       0.75      1.00      0.86         3
      100519       1.00      1.00      1.00         3
      100542       0.00      0.00      0.00         3
      100545       0.60      1.00      0.75         3
      100561       1.00      0.33      0.50         3
      100576       0.75      1.00      0.86         3
      100580       0.00      0.00      0.00         3
      100773       1.00      1.00      1.00         3
      100852       0.43      1.00      0.60         3
      100898       1.00      0.67      0.80         3
      100899       1.00      0.67      0.80         3
      100904       1.00      0.33      0.50         3
      100994       1.00      1.00      1.00         3
      101009       1.00      1.00      1.00         3
      101034       0.00      0.00      0.00         3
      101039       0.00      0.00      0.00         3
      101045       0.50      0.67      0.57         3
      101073       1.00      0.67      0.80         3
      101079       0.50      0.67      0.57         3
      101104       0.60      1.00      0.75         3
      101124       0.43      1.00      0.60         3
      101129       1.00      1.00      1.00         3
      101130       1.00      1.00      1.00         3
      101144       0.50      0.33      0.40         3
      101226       0.00      0.00      0.00         3
      101256       0.75      1.00      0.86         3
      101292       1.00      0.67      0.80         3
      101323       1.00      1.00      1.00         3
      101328       0.67      0.67      0.67         3
      101329       1.00      0.33      0.50         3
      101336       0.60      1.00      0.75         3
      101338       0.38      1.00      0.55         3

    accuracy                           0.66       180
   macro avg       0.65      0.66      0.61       180
weighted avg       0.65      0.66      0.61       180
