LSTM — Full Classification Report
============================================================

              precision    recall  f1-score   support

        1011       1.00      0.67      0.80         3
       10019       0.60      1.00      0.75         3
       10023       1.00      0.67      0.80         3
       10112       0.75      1.00      0.86         3
      100001       1.00      0.67      0.80         3
      100007       1.00      1.00      1.00         3
      100031       0.75      1.00      0.86         3
      100033       1.00      1.00      1.00         3
      100068       1.00      0.67      0.80         3
      100081       0.67      0.67      0.67         3
      100102       1.00      1.00      1.00         3
      100108       1.00      0.67      0.80         3
      100168       1.00      0.67      0.80         3
      100188       0.67      0.67      0.67         3
      100210       1.00      1.00      1.00         3
      100215       0.67      0.67      0.67         3
      100224       0.50      0.33      0.40         3
      100232       0.60      1.00      0.75         3
      100249       1.00      1.00      1.00         3
      100262       1.00      1.00      1.00         3
      100281       1.00      1.00      1.00         3
      100306       1.00      1.00      1.00         3
      100327       1.00      1.00      1.00         3
      100381       0.50      0.67      0.57         3
      100397       1.00      0.33      0.50         3
      100446       1.00      1.00      1.00         3
      100461       0.75      1.00      0.86         3
      100495       1.00      1.00      1.00         3
      100512       0.75      1.00      0.86         3
      100519       1.00      1.00      1.00         3
      100542       0.67      0.67      0.67         3
      100545       0.75      1.00      0.86         3
      100561       1.00      0.67      0.80         3
      100576       1.00      1.00      1.00         3
      100580       1.00      0.33      0.50         3
      100773       1.00      1.00      1.00         3
      100852       0.60      1.00      0.75         3
      100898       1.00      1.00      1.00         3
      100899       1.00      1.00      1.00         3
      100904       1.00      1.00      1.00         3
      100994       1.00      1.00      1.00         3
      101009       1.00      0.67      0.80         3
      101034       1.00      1.00      1.00         3
      101039       1.00      1.00      1.00         3
      101045       1.00      1.00      1.00         3
      101073       1.00      0.33      0.50         3
      101079       1.00      1.00      1.00         3
      101104       1.00      1.00      1.00         3
      101124       1.00      1.00      1.00         3
      101129       1.00      1.00      1.00         3
      101130       1.00      1.00      1.00         3
      101144       0.75      1.00      0.86         3
      101226       0.50      0.33      0.40         3
      101256       1.00      1.00      1.00         3
      101292       0.75      1.00      0.86         3
      101323       1.00      0.67      0.80         3
      101328       1.00      1.00      1.00         3
      101329       1.00      1.00      1.00         3
      101336       0.75      1.00      0.86         3
      101338       0.60      1.00      0.75         3

    accuracy                           0.87       180
   macro avg       0.89      0.87      0.86       180
weighted avg       0.89      0.87      0.86       180
