Random_Forest — Full Classification Report (1000 Classes)
============================================================

              precision    recall  f1-score   support

         120       1.00      1.00      1.00         3
        1061       0.75      1.00      0.86         3
        1548       1.00      0.67      0.80         3
        1570       1.00      1.00      1.00         3
        2023       1.00      1.00      1.00         3
        2216       0.60      1.00      0.75         3
        2487       1.00      1.00      1.00         3
        3329       1.00      1.00      1.00         3
        3428       0.75      1.00      0.86         3
        4063       1.00      1.00      1.00         3
        4206       1.00      1.00      1.00         3
        4279       1.00      1.00      1.00         3
        5214       1.00      1.00      1.00         3
        5736       1.00      1.00      1.00         3
        5743       1.00      1.00      1.00         3
        5865       1.00      1.00      1.00         3
        7122       1.00      1.00      1.00         3
        7501       1.00      1.00      1.00         3
        7833       1.00      1.00      1.00         3
        8225       1.00      1.00      1.00         3
        8331       0.60      1.00      0.75         3
        8708       1.00      1.00      1.00         3
        9054       0.75      1.00      0.86         3
        9153       1.00      1.00      1.00         3
        9461       1.00      1.00      1.00         3
        9819       1.00      1.00      1.00         3
       10464       1.00      1.00      1.00         3
       10927       1.00      1.00      1.00         3
       11032       1.00      1.00      1.00         3
       11408       1.00      1.00      1.00         3
       11618       1.00      1.00      1.00         3
       11736       1.00      0.67      0.80         3
       13137       1.00      0.67      0.80         3
       13277       1.00      1.00      1.00         3
       16022       1.00      1.00      1.00         3
       17415       1.00      1.00      1.00         3
       18155       1.00      1.00      1.00         3
       18387       1.00      0.67      0.80         3
       18891       1.00      1.00      1.00         3
       19240       1.00      1.00      1.00         3
       20487       1.00      1.00      1.00         3
       21060       1.00      1.00      1.00         3
       21357       1.00      1.00      1.00         3
       22162       1.00      1.00      1.00         3
       22590       0.67      0.67      0.67         3
       22775       1.00      1.00      1.00         3
       23066       1.00      1.00      1.00         3
       23373       1.00      1.00      1.00         3
       23956       1.00      1.00      1.00         3
       24420       0.67      0.67      0.67         3
       24615       1.00      1.00      1.00         3
       25604       1.00      1.00      1.00         3
       26065       1.00      0.67      0.80         3
       32301       1.00      1.00      1.00         3
       32465       1.00      1.00      1.00         3
       32903       0.75      1.00      0.86         3
       33473       1.00      1.00      1.00         3
       33876       1.00      1.00      1.00         3
       36071       1.00      1.00      1.00         3
       36663       1.00      1.00      1.00         3
       36989       1.00      1.00      1.00         3
       37046       1.00      1.00      1.00         3
       37101       1.00      1.00      1.00         3
       37478       1.00      1.00      1.00         3
       37704       0.60      1.00      0.75         3
       37780       1.00      0.67      0.80         3
       37902       1.00      1.00      1.00         3
       38266       1.00      1.00      1.00         3
       38441       1.00      1.00      1.00         3
       38882       1.00      1.00      1.00         3
       39102       1.00      1.00      1.00         3
       39325       0.75      1.00      0.86         3
       40020       1.00      1.00      1.00         3
       40623       1.00      1.00      1.00         3
       40795       1.00      1.00      1.00         3
       40855       1.00      0.67      0.80         3
       41022       1.00      1.00      1.00         3
       41693       0.75      1.00      0.86         3
       41906       1.00      1.00      1.00         3
       42992       1.00      1.00      1.00         3
       43276       1.00      1.00      1.00         3
       43410       1.00      1.00      1.00         3
       44808       1.00      1.00      1.00         3
       45022       1.00      1.00      1.00         3
       45916       1.00      1.00      1.00         3
       45953       1.00      1.00      1.00         3
       46326       0.75      1.00      0.86         3
       46710       1.00      1.00      1.00         3
       47228       1.00      1.00      1.00         3
       48084       1.00      1.00      1.00         3
       48087       1.00      1.00      1.00         3
       48161       1.00      1.00      1.00         3
       49147       1.00      1.00      1.00         3
       51000       1.00      1.00      1.00         3
       52457       1.00      1.00      1.00         3
       53838       1.00      1.00      1.00         3
       53915       1.00      1.00      1.00         3
       54160       1.00      0.67      0.80         3
       54850       0.75      1.00      0.86         3
       55357       0.75      1.00      0.86         3
       55512       1.00      1.00      1.00         3
       56047       1.00      1.00      1.00         3
       56215       1.00      1.00      1.00         3
       56563       1.00      1.00      1.00         3
       57081       1.00      1.00      1.00         3
       57653       1.00      1.00      1.00         3
       57730       1.00      1.00      1.00         3
       58629       1.00      1.00      1.00         3
       59036       1.00      1.00      1.00         3
       60598       1.00      1.00      1.00         3
       61322       1.00      1.00      1.00         3
       62761       1.00      1.00      1.00         3
       63011       1.00      1.00      1.00         3
       64865       1.00      1.00      1.00         3
       64866       1.00      1.00      1.00         3
       66008       1.00      1.00      1.00         3
       66450       1.00      1.00      1.00         3
       66699       0.67      0.67      0.67         3
       66922       1.00      1.00      1.00         3
       67060       1.00      1.00      1.00         3
       69013       1.00      1.00      1.00         3
       70360       1.00      1.00      1.00         3
       70620       1.00      1.00      1.00         3
       71037       1.00      1.00      1.00         3
       71135       1.00      1.00      1.00         3
       71360       1.00      1.00      1.00         3
       72347       1.00      1.00      1.00         3
       72479       1.00      1.00      1.00         3
       72645       1.00      1.00      1.00         3
       72722       1.00      1.00      1.00         3
       73067       1.00      1.00      1.00         3
       73479       1.00      1.00      1.00         3
       73906       1.00      1.00      1.00         3
       74107       1.00      1.00      1.00         3
       74271       1.00      1.00      1.00         3
       75180       1.00      1.00      1.00         3
       75233       1.00      1.00      1.00         3
       75970       0.75      1.00      0.86         3
       76039       1.00      1.00      1.00         3
       76215       1.00      1.00      1.00         3
       76628       1.00      1.00      1.00         3
       76656       0.75      1.00      0.86         3
       76876       0.33      0.33      0.33         3
       76937       1.00      1.00      1.00         3
       77707       1.00      1.00      1.00         3
       78019       1.00      1.00      1.00         3
       80133       1.00      1.00      1.00         3
       81217       0.75      1.00      0.86         3
       81317       1.00      1.00      1.00         3
       81437       1.00      1.00      1.00         3
       81720       1.00      1.00      1.00         3
       81799       1.00      1.00      1.00         3
       81826       1.00      1.00      1.00         3
       82733       1.00      1.00      1.00         3
       83457       1.00      1.00      1.00         3
       83564       1.00      1.00      1.00         3
       84328       1.00      1.00      1.00         3
       84434       1.00      1.00      1.00         3
       84696       1.00      0.67      0.80         3
       84697       1.00      1.00      1.00         3
       85623       1.00      0.67      0.80         3
       85786       1.00      1.00      1.00         3
       85955       1.00      1.00      1.00         3
       86094       1.00      1.00      1.00         3
       86586       0.75      1.00      0.86         3
       86697       1.00      1.00      1.00         3
       86733       1.00      1.00      1.00         3
       88407       1.00      1.00      1.00         3
       88728       0.33      0.67      0.44         3
       88791       1.00      1.00      1.00         3
       88825       1.00      1.00      1.00         3
       88931       1.00      1.00      1.00         3
       89799       1.00      1.00      1.00         3
       90187       1.00      1.00      1.00         3
       92972       0.75      1.00      0.86         3
       93061       1.00      1.00      1.00         3
       93277       1.00      1.00      1.00         3
       93307       1.00      1.00      1.00         3
       93531       1.00      1.00      1.00         3
       93865       1.00      1.00      1.00         3
       93940       1.00      1.00      1.00         3
       94010       1.00      1.00      1.00         3
       94078       1.00      1.00      1.00         3
       94169       1.00      1.00      1.00         3
       94759       1.00      0.67      0.80         3
       95773       1.00      1.00      1.00         3
       95844       1.00      1.00      1.00         3
       96041       1.00      1.00      1.00         3
       96220       1.00      1.00      1.00         3
       96688       1.00      1.00      1.00         3
       96995       1.00      1.00      1.00         3
       97469       1.00      1.00      1.00         3
       98638       1.00      1.00      1.00         3
       98712       1.00      1.00      1.00         3
      100422       1.00      1.00      1.00         3
      100616       1.00      0.67      0.80         3
      100824       1.00      1.00      1.00         3
      100994       1.00      1.00      1.00         3
      101017       1.00      1.00      1.00         3
      101285       1.00      1.00      1.00         3
      101543       1.00      1.00      1.00         3
      102104       1.00      1.00      1.00         3
      102521       1.00      1.00      1.00         3
      103728       1.00      1.00      1.00         3
      104091       1.00      1.00      1.00         3
      104478       1.00      1.00      1.00         3
      105268       1.00      1.00      1.00         3
      105595       1.00      1.00      1.00         3
      105847       1.00      1.00      1.00         3
      106803       1.00      1.00      1.00         3
      108740       1.00      1.00      1.00         3
      108972       1.00      1.00      1.00         3
      109168       1.00      1.00      1.00         3
      111407       1.00      1.00      1.00         3
      111621       1.00      1.00      1.00         3
      111866       0.60      1.00      0.75         3
      112929       1.00      1.00      1.00         3
      113643       1.00      1.00      1.00         3
      114921       1.00      1.00      1.00         3
      114992       1.00      1.00      1.00         3
      115546       1.00      1.00      1.00         3
      118290       1.00      1.00      1.00         3
      118464       1.00      1.00      1.00         3
      119782       1.00      1.00      1.00         3
      120931       1.00      0.67      0.80         3
      121080       1.00      1.00      1.00         3
      122138       1.00      1.00      1.00         3
      123198       1.00      1.00      1.00         3
      124302       1.00      0.67      0.80         3
      124534       1.00      1.00      1.00         3
      125073       1.00      1.00      1.00         3
      125909       1.00      1.00      1.00         3
      126206       1.00      1.00      1.00         3
      126421       1.00      1.00      1.00         3
      127041       1.00      1.00      1.00         3
      128692       1.00      1.00      1.00         3
      129388       1.00      1.00      1.00         3
      129436       1.00      1.00      1.00         3
      129516       1.00      1.00      1.00         3
      129867       1.00      1.00      1.00         3
      131471       1.00      1.00      1.00         3
      132615       1.00      1.00      1.00         3
      132997       1.00      1.00      1.00         3
      133028       1.00      1.00      1.00         3
      133241       1.00      1.00      1.00         3
      133931       1.00      1.00      1.00         3
      134207       1.00      0.67      0.80         3
      134227       1.00      1.00      1.00         3
      134803       1.00      1.00      1.00         3
      135110       1.00      1.00      1.00         3
      135591       1.00      1.00      1.00         3
      136511       1.00      1.00      1.00         3
      136977       1.00      1.00      1.00         3
      137934       1.00      1.00      1.00         3
      138375       1.00      1.00      1.00         3
      138702       1.00      0.33      0.50         3
      138946       1.00      1.00      1.00         3
      139192       1.00      1.00      1.00         3
      139350       1.00      1.00      1.00         3
      139785       1.00      1.00      1.00         3
      140337       1.00      1.00      1.00         3
      141111       1.00      1.00      1.00         3
      141713       1.00      1.00      1.00         3
      142347       0.75      1.00      0.86         3
      142670       1.00      1.00      1.00         3
      143335       1.00      1.00      1.00         3
      144210       1.00      1.00      1.00         3
      144477       1.00      1.00      1.00         3
      144537       1.00      1.00      1.00         3
      144562       1.00      1.00      1.00         3
      145303       1.00      0.67      0.80         3
      145606       1.00      1.00      1.00         3
      146178       1.00      1.00      1.00         3
      146736       1.00      1.00      1.00         3
      146850       0.75      1.00      0.86         3
      147577       1.00      1.00      1.00         3
      147677       1.00      1.00      1.00         3
      147876       1.00      1.00      1.00         3
      148223       1.00      1.00      1.00         3
      149141       0.75      1.00      0.86         3
      149205       1.00      1.00      1.00         3
      150117       1.00      1.00      1.00         3
      150213       1.00      1.00      1.00         3
      152305       0.75      1.00      0.86         3
      152522       1.00      0.67      0.80         3
      152624       1.00      1.00      1.00         3
      152803       1.00      1.00      1.00         3
      153285       1.00      1.00      1.00         3
      153744       1.00      0.33      0.50         3
      154063       0.75      1.00      0.86         3
      154106       1.00      1.00      1.00         3
      154177       1.00      1.00      1.00         3
      154413       1.00      1.00      1.00         3
      155286       1.00      0.67      0.80         3
      156081       1.00      1.00      1.00         3
      156823       1.00      1.00      1.00         3
      157178       1.00      0.67      0.80         3
      157766       1.00      1.00      1.00         3
      158866       1.00      1.00      1.00         3
      159126       1.00      1.00      1.00         3
      159404       0.75      1.00      0.86         3
      160446       1.00      1.00      1.00         3
      160575       1.00      1.00      1.00         3
      161314       1.00      0.67      0.80         3
      161597       1.00      1.00      1.00         3
      161898       0.67      0.67      0.67         3
      162051       1.00      1.00      1.00         3
      162310       1.00      1.00      1.00         3
      162323       1.00      1.00      1.00         3
      162339       1.00      1.00      1.00         3
      162749       1.00      1.00      1.00         3
      162807       1.00      0.67      0.80         3
      162827       1.00      1.00      1.00         3
      163637       1.00      1.00      1.00         3
      163974       1.00      1.00      1.00         3
      164273       1.00      1.00      1.00         3
      165033       1.00      1.00      1.00         3
      165362       1.00      1.00      1.00         3
      166054       1.00      1.00      1.00         3
      166157       1.00      1.00      1.00         3
      166335       1.00      1.00      1.00         3
      166890       1.00      0.67      0.80         3
      168151       1.00      1.00      1.00         3
      169220       1.00      1.00      1.00         3
      169399       1.00      1.00      1.00         3
      170033       1.00      1.00      1.00         3
      170212       0.40      0.67      0.50         3
      171664       1.00      1.00      1.00         3
      171767       1.00      1.00      1.00         3
      171815       1.00      1.00      1.00         3
      172122       1.00      0.67      0.80         3
      172307       1.00      1.00      1.00         3
      172458       1.00      1.00      1.00         3
      173304       1.00      1.00      1.00         3
      173325       1.00      1.00      1.00         3
      173443       1.00      1.00      1.00         3
      173932       1.00      1.00      1.00         3
      174891       1.00      1.00      1.00         3
      175418       1.00      1.00      1.00         3
      175420       1.00      1.00      1.00         3
      175505       1.00      0.67      0.80         3
      175786       1.00      1.00      1.00         3
      175825       1.00      1.00      1.00         3
      177002       1.00      1.00      1.00         3
      177012       1.00      1.00      1.00         3
      177143       1.00      1.00      1.00         3
      178530       1.00      1.00      1.00         3
      178544       1.00      1.00      1.00         3
      178596       1.00      1.00      1.00         3
      178976       0.75      1.00      0.86         3
      179437       1.00      1.00      1.00         3
      179473       1.00      1.00      1.00         3
      180545       1.00      1.00      1.00         3
      180882       1.00      1.00      1.00         3
      180899       1.00      1.00      1.00         3
      181244       1.00      0.67      0.80         3
      182389       1.00      1.00      1.00         3
      182734       1.00      1.00      1.00         3
      183681       1.00      1.00      1.00         3
      183936       1.00      1.00      1.00         3
      184194       1.00      1.00      1.00         3
      184628       1.00      1.00      1.00         3
      185265       1.00      1.00      1.00         3
      185669       1.00      1.00      1.00         3
      186285       1.00      1.00      1.00         3
      186989       1.00      1.00      1.00         3
      187338       1.00      0.67      0.80         3
      187411       1.00      1.00      1.00         3
      187576       0.75      1.00      0.86         3
      188293       0.75      1.00      0.86         3
      188498       1.00      1.00      1.00         3
      188848       1.00      1.00      1.00         3
      189007       1.00      1.00      1.00         3
      189773       1.00      1.00      1.00         3
      190490       1.00      1.00      1.00         3
      192064       1.00      1.00      1.00         3
      192111       1.00      1.00      1.00         3
      192324       1.00      1.00      1.00         3
      192421       1.00      1.00      1.00         3
      192831       1.00      1.00      1.00         3
      193263       1.00      1.00      1.00         3
      194089       1.00      1.00      1.00         3
      195169       1.00      1.00      1.00         3
      195932       1.00      1.00      1.00         3
      196020       1.00      1.00      1.00         3
      197708       1.00      1.00      1.00         3
      197896       1.00      1.00      1.00         3
      199103       1.00      1.00      1.00         3
      199987       1.00      1.00      1.00         3
      201302       1.00      1.00      1.00         3
      201664       1.00      1.00      1.00         3
      201742       1.00      1.00      1.00         3
      202224       1.00      1.00      1.00         3
      204498       0.75      1.00      0.86         3
      204773       1.00      1.00      1.00         3
      205103       1.00      1.00      1.00         3
      206017       1.00      1.00      1.00         3
      206229       1.00      1.00      1.00         3
      207119       1.00      1.00      1.00         3
      207522       1.00      1.00      1.00         3
      208383       1.00      1.00      1.00         3
      209066       1.00      1.00      1.00         3
      209441       1.00      1.00      1.00         3
      209506       1.00      1.00      1.00         3
      209810       1.00      1.00      1.00         3
      211578       1.00      1.00      1.00         3
      211635       1.00      1.00      1.00         3
      212404       1.00      1.00      1.00         3
      213481       1.00      1.00      1.00         3
      213644       1.00      1.00      1.00         3
      213652       0.67      0.67      0.67         3
      214531       1.00      1.00      1.00         3
      215129       1.00      1.00      1.00         3
      215252       1.00      1.00      1.00         3
      215334       1.00      1.00      1.00         3
      215704       1.00      1.00      1.00         3
      216517       1.00      1.00      1.00         3
      216886       1.00      1.00      1.00         3
      216960       1.00      0.67      0.80         3
      217094       1.00      1.00      1.00         3
      217168       1.00      1.00      1.00         3
      220983       1.00      1.00      1.00         3
      221194       1.00      1.00      1.00         3
      221823       1.00      0.33      0.50         3
      221941       1.00      1.00      1.00         3
      222390       1.00      0.67      0.80         3
      222535       1.00      1.00      1.00         3
      222850       1.00      0.67      0.80         3
      222885       1.00      0.67      0.80         3
      224448       1.00      1.00      1.00         3
      224530       0.75      1.00      0.86         3
      226633       1.00      1.00      1.00         3
      226713       1.00      1.00      1.00         3
      227704       0.67      0.67      0.67         3
      228129       1.00      1.00      1.00         3
      228559       1.00      1.00      1.00         3
      229216       1.00      1.00      1.00         3
      229950       1.00      1.00      1.00         3
      231044       1.00      1.00      1.00         3
      231910       1.00      1.00      1.00         3
      232439       1.00      1.00      1.00         3
      233786       1.00      1.00      1.00         3
      233899       1.00      1.00      1.00         3
      234286       1.00      1.00      1.00         3
      234434       1.00      1.00      1.00         3
      235534       1.00      1.00      1.00         3
      235738       1.00      1.00      1.00         3
      235795       1.00      1.00      1.00         3
      235862       1.00      1.00      1.00         3
      237157       1.00      1.00      1.00         3
      237183       0.75      1.00      0.86         3
      237241       1.00      1.00      1.00         3
      238641       1.00      1.00      1.00         3
      238760       1.00      1.00      1.00         3
      239950       1.00      1.00      1.00         3
      240119       1.00      1.00      1.00         3
      240360       1.00      1.00      1.00         3
      241362       1.00      1.00      1.00         3
      242876       1.00      1.00      1.00         3
      243123       1.00      1.00      1.00         3
      243314       1.00      1.00      1.00         3
      243329       1.00      1.00      1.00         3
      243345       1.00      1.00      1.00         3
      245614       1.00      1.00      1.00         3
      245756       1.00      1.00      1.00         3
      245817       1.00      1.00      1.00         3
      246088       0.67      0.67      0.67         3
      246583       1.00      1.00      1.00         3
      246974       1.00      1.00      1.00         3
      247218       1.00      1.00      1.00         3
      247510       1.00      1.00      1.00         3
      247552       1.00      1.00      1.00         3
      248285       1.00      1.00      1.00         3
      248334       1.00      1.00      1.00         3
      248796       1.00      1.00      1.00         3
      249206       1.00      1.00      1.00         3
      249464       1.00      1.00      1.00         3
      249843       1.00      1.00      1.00         3
      249851       1.00      1.00      1.00         3
      250184       1.00      1.00      1.00         3
      250372       1.00      1.00      1.00         3
      250655       1.00      1.00      1.00         3
      250795       1.00      1.00      1.00         3
      251411       1.00      1.00      1.00         3
      251480       1.00      1.00      1.00         3
      251883       1.00      1.00      1.00         3
      252193       1.00      1.00      1.00         3
      252875       1.00      1.00      1.00         3
      254694       1.00      1.00      1.00         3
      255001       1.00      1.00      1.00         3
      255047       1.00      1.00      1.00         3
      256295       1.00      1.00      1.00         3
      257522       1.00      1.00      1.00         3
      257829       1.00      1.00      1.00         3
      258024       1.00      1.00      1.00         3
      258489       1.00      1.00      1.00         3
      259740       1.00      1.00      1.00         3
      261830       1.00      1.00      1.00         3
      262311       1.00      1.00      1.00         3
      262377       1.00      1.00      1.00         3
      262439       1.00      1.00      1.00         3
      262762       1.00      1.00      1.00         3
      263440       1.00      1.00      1.00         3
      263664       1.00      1.00      1.00         3
      263846       1.00      1.00      1.00         3
      264236       1.00      1.00      1.00         3
      264838       1.00      1.00      1.00         3
      265482       1.00      1.00      1.00         3
      266202       1.00      1.00      1.00         3
      266288       0.50      0.67      0.57         3
      266523       1.00      1.00      1.00         3
      266603       1.00      1.00      1.00         3
      266770       0.00      0.00      0.00         3
      266913       1.00      1.00      1.00         3
      267235       1.00      1.00      1.00         3
      267238       1.00      1.00      1.00         3
      267356       1.00      1.00      1.00         3
      268608       1.00      1.00      1.00         3
      269276       1.00      1.00      1.00         3
      269533       1.00      1.00      1.00         3
      270826       1.00      1.00      1.00         3
      271901       1.00      1.00      1.00         3
      272478       1.00      1.00      1.00         3
      272635       1.00      1.00      1.00         3
      273681       0.75      1.00      0.86         3
      274768       1.00      1.00      1.00         3
      275756       1.00      1.00      1.00         3
      276424       1.00      1.00      1.00         3
      276446       1.00      1.00      1.00         3
      276909       1.00      1.00      1.00         3
      277301       1.00      1.00      1.00         3
      277376       1.00      1.00      1.00         3
      277394       1.00      1.00      1.00         3
      277521       1.00      1.00      1.00         3
      278416       1.00      0.67      0.80         3
      278644       0.60      1.00      0.75         3
      280459       1.00      1.00      1.00         3
      282040       1.00      1.00      1.00         3
      282321       1.00      1.00      1.00         3
      282879       1.00      1.00      1.00         3
      283149       1.00      1.00      1.00         3
      283883       1.00      1.00      1.00         3
      283907       1.00      1.00      1.00         3
      284002       1.00      0.67      0.80         3
      284469       1.00      1.00      1.00         3
      285468       1.00      1.00      1.00         3
      285501       1.00      1.00      1.00         3
      285626       1.00      1.00      1.00         3
      286424       1.00      1.00      1.00         3
      286496       1.00      1.00      1.00         3
      286625       1.00      1.00      1.00         3
      286763       1.00      1.00      1.00         3
      287053       1.00      1.00      1.00         3
      288382       1.00      1.00      1.00         3
      289155       1.00      1.00      1.00         3
      289413       1.00      1.00      1.00         3
      290502       1.00      1.00      1.00         3
      290783       1.00      1.00      1.00         3
      290975       1.00      1.00      1.00         3
      291990       1.00      1.00      1.00         3
      293128       1.00      1.00      1.00         3
      293804       1.00      1.00      1.00         3
      293926       1.00      1.00      1.00         3
      294382       1.00      1.00      1.00         3
      294715       1.00      1.00      1.00         3
      295486       1.00      1.00      1.00         3
      295676       1.00      1.00      1.00         3
      295887       1.00      1.00      1.00         3
      295919       1.00      1.00      1.00         3
      297409       1.00      1.00      1.00         3
      297574       1.00      1.00      1.00         3
      297922       1.00      1.00      1.00         3
      299083       1.00      1.00      1.00         3
      302425       1.00      1.00      1.00         3
      302635       1.00      1.00      1.00         3
      303301       1.00      1.00      1.00         3
      303673       1.00      1.00      1.00         3
      303748       1.00      1.00      1.00         3
      304164       1.00      1.00      1.00         3
      304528       1.00      1.00      1.00         3
      304569       1.00      1.00      1.00         3
      304613       0.00      0.00      0.00         3
      304618       1.00      1.00      1.00         3
      304969       1.00      1.00      1.00         3
      305231       1.00      1.00      1.00         3
      307367       1.00      1.00      1.00         3
      307438       0.67      0.67      0.67         3
      307758       1.00      1.00      1.00         3
      308180       1.00      1.00      1.00         3
      308684       1.00      1.00      1.00         3
      308902       1.00      0.67      0.80         3
      309112       0.75      1.00      0.86         3
      309292       1.00      1.00      1.00         3
      309925       1.00      1.00      1.00         3
      309954       1.00      0.67      0.80         3
      310706       1.00      1.00      1.00         3
      312668       0.67      0.67      0.67         3
      312865       1.00      1.00      1.00         3
      313212       1.00      1.00      1.00         3
      313360       1.00      1.00      1.00         3
      314333       1.00      1.00      1.00         3
      314347       1.00      1.00      1.00         3
      314696       1.00      1.00      1.00         3
      315414       1.00      1.00      1.00         3
      315514       1.00      1.00      1.00         3
      316126       1.00      1.00      1.00         3
      316146       1.00      1.00      1.00         3
      316272       1.00      1.00      1.00         3
      316756       1.00      1.00      1.00         3
      317082       1.00      1.00      1.00         3
      317201       1.00      1.00      1.00         3
      317231       1.00      1.00      1.00         3
      317372       1.00      1.00      1.00         3
      317558       1.00      1.00      1.00         3
      317792       1.00      1.00      1.00         3
      317981       1.00      1.00      1.00         3
      320247       1.00      1.00      1.00         3
      320946       1.00      1.00      1.00         3
      321291       1.00      1.00      1.00         3
      321321       1.00      1.00      1.00         3
      321556       1.00      1.00      1.00         3
      321608       1.00      0.67      0.80         3
      322634       1.00      1.00      1.00         3
      322635       1.00      1.00      1.00         3
      322991       1.00      1.00      1.00         3
      324132       1.00      1.00      1.00         3
      324820       1.00      0.67      0.80         3
      324886       1.00      1.00      1.00         3
      326925       1.00      1.00      1.00         3
      327174       1.00      1.00      1.00         3
      327782       1.00      1.00      1.00         3
      327896       1.00      1.00      1.00         3
      328945       1.00      0.67      0.80         3
      329918       1.00      1.00      1.00         3
      330920       0.67      0.67      0.67         3
      332347       1.00      1.00      1.00         3
      333423       1.00      1.00      1.00         3
      333529       1.00      1.00      1.00         3
      333701       1.00      1.00      1.00         3
      333732       1.00      1.00      1.00         3
      333962       1.00      1.00      1.00         3
      335490       1.00      1.00      1.00         3
      336458       1.00      1.00      1.00         3
      336744       1.00      1.00      1.00         3
      336828       1.00      1.00      1.00         3
      336919       1.00      1.00      1.00         3
      337232       1.00      1.00      1.00         3
      338407       1.00      1.00      1.00         3
      338564       0.75      1.00      0.86         3
      338732       1.00      1.00      1.00         3
      338883       1.00      0.67      0.80         3
      338889       1.00      1.00      1.00         3
      338970       1.00      1.00      1.00         3
      339395       1.00      1.00      1.00         3
      339849       1.00      1.00      1.00         3
      339980       1.00      1.00      1.00         3
      340387       1.00      1.00      1.00         3
      340867       1.00      1.00      1.00         3
      341089       1.00      1.00      1.00         3
      341526       1.00      1.00      1.00         3
      341618       1.00      1.00      1.00         3
      341946       1.00      1.00      1.00         3
      342457       1.00      1.00      1.00         3
      343413       1.00      1.00      1.00         3
      343702       1.00      1.00      1.00         3
      344069       0.75      1.00      0.86         3
      344604       0.75      1.00      0.86         3
      345174       1.00      1.00      1.00         3
      346420       1.00      1.00      1.00         3
      346956       1.00      1.00      1.00         3
      347379       1.00      1.00      1.00         3
      347676       1.00      1.00      1.00         3
      348018       1.00      1.00      1.00         3
      348070       1.00      1.00      1.00         3
      348124       0.75      1.00      0.86         3
      348643       1.00      1.00      1.00         3
      348650       1.00      1.00      1.00         3
      348808       1.00      1.00      1.00         3
      349108       1.00      1.00      1.00         3
      349988       1.00      1.00      1.00         3
      350308       1.00      1.00      1.00         3
      351053       1.00      1.00      1.00         3
      351245       1.00      1.00      1.00         3
      351279       1.00      1.00      1.00         3
      351399       1.00      1.00      1.00         3
      351724       1.00      1.00      1.00         3
      351876       1.00      1.00      1.00         3
      352377       1.00      1.00      1.00         3
      352563       1.00      1.00      1.00         3
      352801       1.00      1.00      1.00         3
      352837       1.00      1.00      1.00         3
      353017       1.00      1.00      1.00         3
      353140       1.00      1.00      1.00         3
      355392       1.00      0.67      0.80         3
      356386       1.00      1.00      1.00         3
      356692       1.00      1.00      1.00         3
      357589       1.00      1.00      1.00         3
      358723       1.00      1.00      1.00         3
      359609       1.00      1.00      1.00         3
      359683       1.00      1.00      1.00         3
      359924       1.00      1.00      1.00         3
      360003       1.00      1.00      1.00         3
      360130       1.00      1.00      1.00         3
      360292       1.00      1.00      1.00         3
      360697       1.00      1.00      1.00         3
      360865       1.00      1.00      1.00         3
      361383       1.00      1.00      1.00         3
      361425       1.00      1.00      1.00         3
      363478       1.00      1.00      1.00         3
      363753       1.00      1.00      1.00         3
      364477       1.00      1.00      1.00         3
      364632       1.00      1.00      1.00         3
      364939       1.00      1.00      1.00         3
      366966       1.00      1.00      1.00         3
      367144       1.00      1.00      1.00         3
      367164       1.00      1.00      1.00         3
      368383       0.75      1.00      0.86         3
      368885       1.00      1.00      1.00         3
      369046       1.00      1.00      1.00         3
      369945       1.00      1.00      1.00         3
      370459       1.00      1.00      1.00         3
      371174       1.00      1.00      1.00         3
      371427       1.00      1.00      1.00         3
      371702       1.00      1.00      1.00         3
      372322       1.00      1.00      1.00         3
      372735       0.67      0.67      0.67         3
      373789       1.00      1.00      1.00         3
      374266       1.00      1.00      1.00         3
      374303       1.00      1.00      1.00         3
      374814       1.00      1.00      1.00         3
      376269       0.75      1.00      0.86         3
      376302       1.00      0.67      0.80         3
      376665       1.00      1.00      1.00         3
      377022       1.00      1.00      1.00         3
      377292       1.00      1.00      1.00         3
      377604       1.00      1.00      1.00         3
      378174       1.00      1.00      1.00         3
      378379       1.00      1.00      1.00         3
      378441       1.00      1.00      1.00         3
      378532       1.00      1.00      1.00         3
      378608       1.00      1.00      1.00         3
      378758       1.00      1.00      1.00         3
      379021       1.00      1.00      1.00         3
      379760       1.00      1.00      1.00         3
      380874       1.00      1.00      1.00         3
      382134       1.00      1.00      1.00         3
      382309       1.00      1.00      1.00         3
      382370       1.00      1.00      1.00         3
      382418       1.00      1.00      1.00         3
      383020       1.00      1.00      1.00         3
      383073       1.00      1.00      1.00         3
      383269       1.00      1.00      1.00         3
      383606       1.00      1.00      1.00         3
      384542       0.75      1.00      0.86         3
      384551       1.00      1.00      1.00         3
      385263       1.00      1.00      1.00         3
      385632       1.00      1.00      1.00         3
      385938       1.00      1.00      1.00         3
      386156       1.00      1.00      1.00         3
      387533       1.00      1.00      1.00         3
      387775       1.00      1.00      1.00         3
      387821       1.00      1.00      1.00         3
      388002       1.00      1.00      1.00         3
      388716       1.00      1.00      1.00         3
      388934       1.00      1.00      1.00         3
      389002       1.00      1.00      1.00         3
      389201       1.00      1.00      1.00         3
      389835       0.75      1.00      0.86         3
      390563       1.00      1.00      1.00         3
      391461       1.00      1.00      1.00         3
      392179       1.00      1.00      1.00         3
      393434       1.00      1.00      1.00         3
      394279       1.00      1.00      1.00         3
      394485       1.00      1.00      1.00         3
      394681       1.00      1.00      1.00         3
      395071       1.00      1.00      1.00         3
      396267       1.00      1.00      1.00         3
      396999       1.00      1.00      1.00         3
      397572       0.67      0.67      0.67         3
      398650       1.00      1.00      1.00         3
      399118       0.75      1.00      0.86         3
      399145       1.00      1.00      1.00         3
      400056       1.00      1.00      1.00         3
      400353       1.00      1.00      1.00         3
      400837       1.00      1.00      1.00         3
      400919       1.00      1.00      1.00         3
      401077       1.00      1.00      1.00         3
      401743       1.00      1.00      1.00         3
      402212       1.00      1.00      1.00         3
      403156       1.00      1.00      1.00         3
      403574       1.00      1.00      1.00         3
      404368       1.00      0.67      0.80         3
      404709       1.00      1.00      1.00         3
      404781       1.00      1.00      1.00         3
      404857       1.00      1.00      1.00         3
      406437       1.00      1.00      1.00         3
      406706       1.00      1.00      1.00         3
      407479       1.00      1.00      1.00         3
      408521       1.00      1.00      1.00         3
      409028       1.00      1.00      1.00         3
      409351       1.00      1.00      1.00         3
      409516       1.00      1.00      1.00         3
      410523       0.75      1.00      0.86         3
      410840       1.00      1.00      1.00         3
      412676       1.00      1.00      1.00         3
      413242       1.00      1.00      1.00         3
      413927       1.00      1.00      1.00         3
      414072       1.00      1.00      1.00         3
      415023       1.00      1.00      1.00         3
      415141       0.75      1.00      0.86         3
      416102       1.00      1.00      1.00         3
      416463       1.00      1.00      1.00         3
      416571       1.00      1.00      1.00         3
      416653       1.00      1.00      1.00         3
      418366       1.00      0.33      0.50         3
      418945       0.75      1.00      0.86         3
      419069       1.00      1.00      1.00         3
      419132       1.00      1.00      1.00         3
      419219       1.00      0.67      0.80         3
      420148       0.60      1.00      0.75         3
      421482       1.00      1.00      1.00         3
      421855       1.00      1.00      1.00         3
      422461       1.00      0.67      0.80         3
      423050       1.00      1.00      1.00         3
      423723       1.00      1.00      1.00         3
      424960       1.00      1.00      1.00         3
      425081       1.00      1.00      1.00         3
      425220       1.00      1.00      1.00         3
      425299       1.00      1.00      1.00         3
      425305       1.00      1.00      1.00         3
      425422       1.00      1.00      1.00         3
      425753       1.00      1.00      1.00         3
      426354       1.00      1.00      1.00         3
      426956       1.00      1.00      1.00         3
      427329       1.00      1.00      1.00         3
      427421       1.00      1.00      1.00         3
      428181       1.00      1.00      1.00         3
      429006       1.00      1.00      1.00         3
      429244       1.00      1.00      1.00         3
      429517       1.00      1.00      1.00         3
      429643       1.00      1.00      1.00         3
      430418       1.00      1.00      1.00         3
      430978       1.00      1.00      1.00         3
      432606       0.75      1.00      0.86         3
      432915       1.00      1.00      1.00         3
      433040       1.00      1.00      1.00         3
      433518       0.75      1.00      0.86         3
      433578       1.00      1.00      1.00         3
      433658       1.00      1.00      1.00         3
      434517       1.00      1.00      1.00         3
      434736       1.00      1.00      1.00         3
      436093       1.00      1.00      1.00         3
      436365       1.00      1.00      1.00         3
      436656       1.00      1.00      1.00         3
      436904       1.00      1.00      1.00         3
      437147       1.00      1.00      1.00         3
      437168       0.75      1.00      0.86         3
      437566       1.00      1.00      1.00         3
      438028       0.67      0.67      0.67         3
      438698       1.00      1.00      1.00         3
      438772       1.00      1.00      1.00         3
      438831       1.00      1.00      1.00         3
      439427       1.00      1.00      1.00         3
      439765       1.00      0.67      0.80         3
      440076       0.75      1.00      0.86         3
      440507       1.00      1.00      1.00         3
      441095       1.00      1.00      1.00         3
      441392       1.00      1.00      1.00         3
      441469       1.00      1.00      1.00         3
      441759       1.00      1.00      1.00         3
      441765       1.00      1.00      1.00         3
      441935       1.00      1.00      1.00         3
      442430       1.00      1.00      1.00         3
      442764       1.00      1.00      1.00         3
      443197       1.00      1.00      1.00         3
      444288       1.00      0.67      0.80         3
      444605       1.00      1.00      1.00         3
      444743       1.00      1.00      1.00         3
      447557       1.00      1.00      1.00         3
      448194       1.00      1.00      1.00         3
      448388       1.00      1.00      1.00         3
      448782       1.00      1.00      1.00         3
      448875       1.00      1.00      1.00         3
      449548       1.00      1.00      1.00         3
      449712       1.00      0.67      0.80         3
      450051       1.00      1.00      1.00         3
      450135       1.00      1.00      1.00         3
      450805       1.00      1.00      1.00         3
      450913       1.00      1.00      1.00         3
      451955       1.00      1.00      1.00         3
      452348       1.00      1.00      1.00         3
      452840       1.00      1.00      1.00         3
      453468       1.00      1.00      1.00         3
      456407       1.00      1.00      1.00         3
      457217       1.00      1.00      1.00         3
      457488       1.00      1.00      1.00         3
      457918       1.00      1.00      1.00         3
      458134       1.00      1.00      1.00         3
      458356       1.00      0.67      0.80         3
      459072       1.00      0.67      0.80         3
      460860       1.00      1.00      1.00         3
      461658       1.00      1.00      1.00         3
      461733       1.00      1.00      1.00         3
      462820       1.00      1.00      1.00         3
      463172       1.00      1.00      1.00         3
      463875       1.00      1.00      1.00         3
      463901       0.75      1.00      0.86         3
      463929       1.00      1.00      1.00         3
      464279       1.00      1.00      1.00         3
      465747       1.00      0.67      0.80         3
      466544       1.00      1.00      1.00         3
      467238       1.00      1.00      1.00         3
      468721       1.00      1.00      1.00         3
      469711       1.00      0.67      0.80         3
      470417       1.00      1.00      1.00         3
      470516       1.00      1.00      1.00         3
      470708       1.00      1.00      1.00         3
      471540       1.00      1.00      1.00         3
      472763       1.00      1.00      1.00         3
      472935       1.00      1.00      1.00         3
      473119       1.00      1.00      1.00         3
      476107       0.75      1.00      0.86         3
      476481       1.00      1.00      1.00         3
      476619       1.00      0.67      0.80         3
      478022       1.00      1.00      1.00         3
      478240       1.00      1.00      1.00         3
      478723       1.00      1.00      1.00         3
      478985       1.00      1.00      1.00         3
      479231       1.00      1.00      1.00         3
      480064       1.00      1.00      1.00         3
      480132       1.00      1.00      1.00         3
      480420       1.00      1.00      1.00         3
      480508       1.00      1.00      1.00         3
      482549       0.75      1.00      0.86         3
      483047       1.00      1.00      1.00         3
      483377       1.00      1.00      1.00         3
      484368       1.00      1.00      1.00         3
      485035       1.00      1.00      1.00         3
      485400       1.00      1.00      1.00         3
      485470       1.00      1.00      1.00         3
      486592       1.00      0.33      0.50         3
      486805       1.00      1.00      1.00         3
      487319       1.00      1.00      1.00         3
      489927       1.00      1.00      1.00         3
      489940       1.00      1.00      1.00         3
      490750       1.00      1.00      1.00         3
      490759       1.00      1.00      1.00         3
      492224       1.00      1.00      1.00         3
      492231       1.00      1.00      1.00         3
      494151       1.00      1.00      1.00         3
      494731       1.00      1.00      1.00         3
      494863       1.00      1.00      1.00         3
      495545       1.00      1.00      1.00         3
      496651       1.00      1.00      1.00         3
      496913       1.00      1.00      1.00         3
      497236       0.75      1.00      0.86         3
      497768       1.00      1.00      1.00         3
      498204       1.00      1.00      1.00         3
      498555       1.00      1.00      1.00         3
      498894       1.00      1.00      1.00         3
      499249       1.00      1.00      1.00         3
      499371       1.00      0.67      0.80         3
      499703       1.00      1.00      1.00         3
      500061       1.00      1.00      1.00         3
      500105       0.60      1.00      0.75         3
      500163       1.00      1.00      1.00         3
      500925       1.00      1.00      1.00         3
      501071       1.00      1.00      1.00         3
      501225       1.00      1.00      1.00         3
      501497       1.00      0.67      0.80         3
      502422       1.00      1.00      1.00         3
      502424       1.00      1.00      1.00         3
      502842       1.00      1.00      1.00         3
      503350       1.00      1.00      1.00         3
      504252       1.00      1.00      1.00         3
      505307       0.75      1.00      0.86         3
      505770       1.00      1.00      1.00         3
      506246       1.00      1.00      1.00         3
      507025       1.00      1.00      1.00         3
      507514       1.00      1.00      1.00         3
      507824       1.00      0.67      0.80         3
      507965       1.00      1.00      1.00         3
      508570       1.00      1.00      1.00         3
      508653       0.33      0.33      0.33         3
      508721       1.00      1.00      1.00         3
      508824       1.00      1.00      1.00         3
      509861       1.00      1.00      1.00         3
      510632       1.00      1.00      1.00         3
      513474       1.00      1.00      1.00         3
      513555       1.00      1.00      1.00         3
      513581       1.00      1.00      1.00         3
      513681       1.00      1.00      1.00         3
      513805       1.00      1.00      1.00         3
      514005       1.00      1.00      1.00         3
      514642       1.00      1.00      1.00         3
      515603       0.75      1.00      0.86         3
      516068       1.00      1.00      1.00         3
      516534       1.00      1.00      1.00         3
      517381       1.00      1.00      1.00         3
      517883       1.00      1.00      1.00         3

    accuracy                           0.97      3000
   macro avg       0.98      0.97      0.97      3000
weighted avg       0.98      0.97      0.97      3000
